1 100 100 100 100
1 97 97 97 98
1 93 95 94 95
1 91 92 92 93
1 88 87 90 91
1 85 84 86 87
1 82 82 82 84
1 77 80 80 81
1 75 77 77 78
1 70 73 73 74
1 68 68 70 69
1 65 66 66 66
1 60 63 64 63
1 56 58 61 61
1 54 55 58 58
1 49 50 53 54
1 45 46 51 49
1 40 42 48 46
1 37 37 44 43
1 35 34 40 39
1 33 31 36 34
1 28 28 31 32
1 24 23 29 28
1 22 19 27 24
1 17 16 24 22
1 14 13 21 19
1 12 10 16 17
1 8 7 14 15
1 6 5 9 11
1 100 100 100 9
1 96 96 98 6
1 92 92 95 100
1 90 89 90 97
1 87 87 88 93
1 84 83 86 88
1 81 78 83 83
1 76 75 80 78
1 73 73 76 73
1 69 70 74 69
1 66 67 69 66
1 63 62 66 61
1 60 57 61 56
1 58 53 59 53
1 54 50 55 49
1 52 45 52 45
1 49 43 50 42
1 46 39 45 37
1 41 34 42 34
1 39 31 38 29
1 36 28 36 25
1 32 23 33 21
1 27 20 31 17
1 23 17 28 14
1 20 15 23 11
1 18 12 20 8
1 14 9 16 100
1 11 100 11 98
1 8 95 6 93
1 6 90 100 91
1 100 86 95 86
1 97 83 90 84
1 94 80 88 81
1 92 78 84 79
1 89 73 79 76
1 84 71 76 72
1 81 68 73 68
1 78 64 68 65
1 74 61 66 62
1 69 57 61 59
1 66 54 57 57
1 63 52 52 54
1 60 47 50 52
1 55 44 47 50
1 52 42 42 47
1 49 39 39 43
1 45 37 37 40
1 40 32 33 36
1 37 28 31 31
1 35 25 28 28
1 31 21 24 24
1 26 19 20 22
1 24 15 15 20
1 21 13 11 15
1 16 11 8 12
1 11 8 6 8
1 9 100 100 100
1 5 97 98 98
1 100 93 94 93
1 96 90 91 90
1 94 87 86 88
1 90 84 81 84
1 87 82 77 79
1 84 78 74 76
1 80 76 69 74
1 75 72 65 71
1 72 67 60 69
1 68 64 56 64
1 66 59 51 60
1 63 54 49 55
1 58 51 45 53
1 56 46 42 50
1 53 41 37 46
1 51 39 33 42
1 49 35 30 39
1 44 31 28 34
1 39 26 25 30
1 34 22 20 25
1 32 19 15 23
1 28 16 10 18
1 23 11 5 16
1 20 9 100 13
1 15 6 97 10
1 12 100 95 5
1 10 95 93 100
1 5 90 89 95
1 100 86 86 92
1 97 81 83 88
1 95 79 81 85
1 90 77 79 80
1 87 75 76 77
1 84 70 72 74
1 81 66 67 71
1 77 62 62 67
1 75 59 57 64
1 73 56 52 60
1 71 52 50 56
1 67 50 45 52
1 65 47 41 47
1 60 44 37 44
1 57 40 32 39
1 52 36 27 37
1 47 34 24 32
1 42 32 22 29
1 37 29 18 24
1 35 25 14 20
1 32 23 12 16
1 28 19 7 14
1 23 15 100 9
1 21 11 97 7
1 16 8 94 100
1 14 6 91 98
1 11 100 88 93
1 6 98 83 90
1 100 96 79 87
1 97 94 77 85
1 92 91 73 80
1 90 87 70 77
1 87 84 68 73
1 82 81 63 70
1 79 77 59 68
1 74 75 55 64
1 72 73 51 59
1 68 68 47 54
1 64 64 45 52
1 59 60 42 50
1 54 55 40 47
1 51 53 36 42
1 49 50 33 38
1 44 48 31 33
1 41 45 26 28
1 38 43 24 25
1 34 41 21 20
1 29 37 16 17
1 25 32 14 13
1 23 27 9 11
1 20 24 6 9
1 15 21 100 6
1 10 18 96 100
1 7 16 92 97
1 100 14 88 93
1 98 10 84 91
1 96 7 80 86
1 91 5 78 83
1 89 100 74 80
1 84 95 70 77
1 80 92 65 72
1 75 88 61 68
1 73 84 56 64
1 69 81 51 60
1 64 78 49 57
1 62 75 47 52
1 57 71 44 47
1 54 66 40 44
1 52 63 35 42
1 50 61 33 37
1 48 56 29 33
1 43 52 24 30
1 38 50 22 27
1 33 48 19 22
1 30 45 14 19
1 26 42 9 16
1 24 40 5 14
1 19 36 100 12
1 17 33 97 9
1 14 31 92 6
1 9 29 87 100
1 100 27 82 96
1 98 25 78 93
1 94 23 75 90
1 89 18 73 88
1 86 13 70 85
1 84 8 67 82
1 79 100 62 80
1 74 97 59 75
1 71 93 55 73
1 69 91 51 68
1 66 86 46 63
1 63 83 41 60
1 58 78 36 56
1 54 76 32 52
1 52 72 28 49
1 47 67 25 47
1 44 62 20 45
1 41 57 16 40
1 36 55 14 35
1 32 53 11 31
1 27 51 6 26
1 25 48 100 21
1 21 46 95 16
1 16 43 92 14
1 13 39 87 11
1 8 34 82 6
1 100 32 78 100
1 97 27 76 97
1 94 22 71 92
1 90 19 69 87
1 85 15 66 82
1 80 12 64 78
1 78 10 61 76
1 76 8 56 73
1 71 5 51 69
1 69 100 47 66
1 67 97 43 61
1 64 94 39 57
1 59 90 36 53
1 54 88 32 48
1 49 86 27 45
1 44 82 24 42
1 42 79 22 39
1 40 75 17 35
1 36 71 14 31
1 34 69 9 29
1 29 65 6 26
1 27 63 100 22
1 25 59 96 20
1 20 56 92 17
1 17 54 89 15
1 15 50 86 12
1 12 48 82 7
1 8 46 79 100
1 6 41 77 97
1 100 38 75 95
1 98 33 70 93
1 96 29 67 89
1 93 27 63 85
1 91 25 61 80
1 89 21 59 78
1 85 17 57 73
1 83 15 54 71
1 81 12 51 67
1 76 7 48 64
1 73 100 44 59
1 69 98 41 57
1 67 95 39 54
1 65 92 34 52
1 61 90 31 50
1 58 86 27 45
1 55 83 25 40
1 50 81 20 37
1 45 79 16 33
1 40 74 13 30
1 35 69 10 25
1 33 65 5 22
1 29 60 100 17
1 26 58 97 13
1 23 54 94 10
1 21 49 91 5
1 17 46 89 100
1 13 41 85 97
1 11 39 80 92
1 8 35 76 88
1 100 31 71 84
1 97 26 68 82
1 92 22 65 80
1 89 19 62 75
1 85 17 57 72
1 83 14 55 67
1 81 11 53 63
1 79 8 49 60
1 74 6 44 58
1 71 100 39 53
1 69 95 35 48
1 66 91 32 45
1 64 88 30 42
1 61 83 27 38
1 56 80 22 33
1 51 75 19 31
1 46 71 17 28
1 44 68 13 23
1 42 63 8 18
1 38 59 5 15
1 34 54 100 12
1 29 51 98 10
1 27 48 93 7
1 23 46 88 100
1 19 44 83 97
1 14 42 79 94
1 12 38 75 90
1 8 33 73 87
1 5 29 69 85
1 100 25 64 81
1 98 23 59 78
1 96 18 54 75
1 93 14 49 71
1 91 11 47 67
1 88 6 42 62
1 86 100 40 59
1 81 98 35 54
1 76 93 31 49
1 72 89 29 47
1 67 84 25 43
1 63 80 21 39
1 59 76 17 35
1 57 71 14 33
1 52 69 12 31
1 48 66 9 28
1 43 61 100 26
1 40 57 95 22
1 37 55 92 17
1 32 51 87 12
1 29 47 85 9
1 25 43 80 100
1 23 38 76 98
1 18 35 73 94
1 16 32 71 91
1 11 29 66 87
1 7 24 64 85
1 5 20 59 83
1 100 17 56 79
1 96 15 51 76
1 91 10 46 73
1 86 7 44 70
1 82 100 40 68
1 80 98 37 64
1 78 96 35 59
1 73 93 31 57
1 68 88 28 54
1 63 86 23 51
1 58 82 18 49
1 55 78 16 44
1 52 76 11 39
1 47 71 6 35
1 42 69 100 32
1 38 66 95 29
1 33 62 93 27
1 29 59 89 24
1 27 56 86 22
1 22 52 81 19
1 20 50 79 17
1 17 48 77 13
1 14 44 73 10
1 9 41 71 6
1 100 38 68 100
1 97 35 63 95
1 92 31 58 93
2 87 26 56 89
2 85 22 51 87
2 83 19 46 85
2 80 15 42 82
2 78 13 38 77
2 73 8 36 75
2 71 6 34 71
2 68 100 30 68
2 65 95 25 66
2 60 92 23 63
2 58 87 20 58
2 54 83 18 53
2 49 78 13 48
2 44 74 8 46
2 39 69 100 43
2 36 64 97 38
2 31 61 95 34
2 26 58 93 30
2 21 54 90 28
2 18 51 85 24
2 15 47 80 22
2 13 45 75 17
2 9 41 72 12
2 6 37 69 9
2 100 35 67 6
2 96 30 63 100
2 93 27 60 95
2 90 23 57 90
2 88 20 54 86
2 86 17 50 81
2 84 15 46 77
2 80 12 43 74
2 77 8 39 70
2 74 5 36 67
2 69 100 32 62
2 67 96 28 58
2 63 94 24 54
2 59 90 21 52
2 54 87 19 48
2 51 82 15 46
2 48 80 12 41
2 45 76 9 39
2 40 71 7 34
2 35 69 100 30
2 31 66 98 26
2 29 61 93 21
2 26 58 91 17
2 23 55 87 12
2 18 53 84 7
2 14 48 82 5
2 9 43 80 100
2 6 39 76 96
2 100 37 71 94
2 97 33 69 92
2 93 31 67 90
2 91 27 64 85
2 87 23 62 83
2 84 19 60 81
2 81 14 55 76
2 79 12 51 71
2 74 8 49 67
2 71 100 47 65
2 68 98 44 63
2 65 93 42 59
2 60 91 40 57
2 58 86 38 53
2 56 83 33 49
2 51 79 31 46
2 48 76 26 41
2 45 74 21 38
2 42 70 17 33
2 38 66 13 30
2 36 64 8 25
2 32 60 6 21
2 27 55 100 18
2 25 53 96 13
2 20 48 92 11
2 16 44 88 9
2 12 42 85 5
2 7 40 82 100
2 100 38 79 95
2 98 33 75 93
2 95 28 71 89
2 92 24 66 86
2 88 20 61 81
2 83 18 57 76
2 78 13 53 71
2 74 8 51 69
2 72 100 49 65
2 69 96 47 62
2 65 91 44 60
2 61 87 39 55
2 56 83 35 50
2 51 78 32 47
2 49 73 27 42
2 47 70 24 37
2 44 66 19 34
2 40 63 17 31
2 35 61 14 29
2 30 58 10 27
2 28 55 8 22
2 23 52 100 20
2 19 47 97 15
2 14 44 95 11
2 12 42 90 9
2 7 37 87 5
2 100 34 85 100
2 97 30 82 95
2 94 28 79 90
2 89 24 74 88
2 87 20 70 86
2 82 16 66 84
2 78 13 63 81
2 75 11 59 76
2 73 6 57 72
2 69 100 54 67
2 66 97 52 62
2 62 94 50 59
2 60 92 46 57
2 57 88 43 54
2 52 84 40 50
2 48 81 35 45
2 43 77 33 41
2 40 74 30 39
2 37 69 26 35
2 32 65 22 32
2 28 61 20 27
2 24 58 15 24
2 19 55 10 19
2 17 51 7 16
2 14 47 100 12
2 10 44 95 8
2 5 39 92 100
2 100 36 89 96
2 95 33 87 93
2 90 30 82 91
2 88 26 78 88
2 84 24 75 84
2 79 21 70 79
2 74 16 65 76
2 72 11 60 73
2 68 8 56 68
2 65 100 53 63
2 61 97 49 59
2 56 94 47 57
2 51 89 44 54
2 46 87 42 51
2 42 84 40 49
2 39 81 38 44
2 35 78 36 41
2 30 75 31 38
2 26 71 28 34
2 21 67 24 32
2 16 62 19 29
2 13 60 16 27
2 8 55 13 25
2 5 51 9 22
2 100 49 7 19
2 95 45 5 15
2 92 42 100 12
2 89 37 96 10
2 86 32 92 7
2 84 27 87 5
2 82 25 83 100
2 79 20 81 98
2 76 18 78 95
2 72 13 76 90
2 69 11 73 87
2 66 6 68 83
2 64 100 66 81
2 59 95 62 76
2 54 93 58 71
2 50 91 55 69
2 48 89 53 65
2 46 86 48 61
2 43 83 44 57
2 40 79 42 53
2 37 75 39 49
2 33 73 37 46
2 31 70 33 43
2 29 67 28 40
2 25 64 24 37
2 21 61 21 34
2 17 58 16 32
2 12 54 14 27
2 7 52 9 22
2 5 49 7 19
2 100 45 5 16
2 97 43 100 14
2 92 38 96 12
2 87 34 94 9
2 83 30 92 100
2 78 26 87 98
2 75 23 83 93
2 73 20 79 89
2 70 16 76 86
2 65 12 74 82
2 62 9 69 79
2 58 7 65 75
2 53 5 61 71
2 48 100 57 68
2 43 98 53 65
2 39 95 48 62
2 36 90 43 59
2 33 86 40 54
2 31 82 35 51
2 28 80 33 47
2 23 78 29 44
2 19 74 26 41
2 14 70 21 38
2 9 68 17 33
2 7 65 14 31
2 100 62 9 26
2 97 60 100 23
2 93 56 96 20
2 90 54 91 17
2 86 51 87 15
2 82 47 85 10
2 79 42 80 6
2 74 39 76 100
2 70 37 72 95
2 67 33 67 91
2 63 29 63 87
2 61 26 58 82
2 56 24 56 77
2 53 22 51 73
2 49 20 46 69
2 45 16 43 66
2 41 11 39 62
2 37 9 36 57
2 33 5 34 53
2 30 100 30 49
2 27 98 27 47
2 23 93 22 45
2 18 91 17 43
2 16 88 13 39
2 13 86 8 36
2 9 81 100 32
2 7 76 95 29
2 100 72 92 25
2 96 68 88 20
2 91 66 85 18
2 88 62 81 16
2 84 60 77 14
2 79 58 74 9
2 75 54 71 6
2 70 50 67 100
2 68 47 62 98
2 64 42 60 96
2 60 40 57 94
2 57 35 55 90
2 54 31 52 86
2 51 29 47 83
2 48 27 42 81
2 45 24 40 78
2 41 21 36 73
2 37 17 32 69
2 34 13 27 66
2 31 8 22 61
2 26 5 19 57
2 24 100 15 53
2 21 98 12 48
2 19 93 9 43
2 15 90 6 40
2 10 86 100 35
2 5 81 98 33
2 100 76 96 29
2 96 74 94 26
2 94 71 90 24
2 91 69 85 20
2 89 64 81 18
2 86 62 76 15
2 82 58 73 13
2 79 56 70 10
2 75 51 67 5
2 73 46 63 100
2 71 43 58 95
2 67 40 55 93
2 63 35 50 88
2 58 33 48 86
2 54 30 45 84
2 49 27 41 81
2 47 23 37 78
2 42 18 32 73
2 39 15 27 69
2 36 10 22 65
2 32 6 17 61
2 28 100 15 59
2 26 97 11 57
2 24 92 9 52
2 19 89 5 50
2 17 87 100 45
2 13 83 95 43
2 8 78 90 39
2 5 76 87 37
2 100 71 85 33
2 95 66 82 30
2 92 62 77 26
2 90 60 72 23
2 87 57 70 19
2 83 53 66 17
2 79 48 64 12
2 76 44 62 10
2 73 39 58 5
2 68 34 53 100
2 63 31 48 96
2 61 26 44 92
2 58 22 39 89
2 54 20 37 87
2 51 18 34 82
2 48 15 32 78
2 44 10 30 74
2 39 6 25 70
2 34 100 23 65
2 30 98 20 60
2 27 95 15 56
2 25 93 12 53
2 21 88 9 49
2 18 86 100 45
2 16 82 97 40
2 14 80 94 36
2 12 78 91 34
2 8 76 89 31
2 5 72 85 26
2 100 69 83 22
2 97 67 81 18
2 95 64 78 13
2 92 59 73 8
2 90 55 71 5
2 85 52 68 100
2 82 50 64 95
2 80 46 62 91
2 75 42 57 88
2 73 37 52 86
2 68 32 49 81
2 66 29 47 78
2 61 24 42 74
2 57 22 37 70
2 55 19 35 67
2 52 14 31 64
2 49 10 29 62
2 44 6 26 59
2 42 100 21 56
2 38 95 18 52
2 34 91 14 48
2 32 87 10 43
2 30 83 5 38
2 26 80 100 36
2 21 77 96 34
2 17 74 94 31
2 13 71 91 26
2 11 68 89 24
2 6 64 85 20
2 100 59 83 17
2 98 57 81 15
2 96 55 77 10
2 93 50 72 5
2 89 48 70 100
2 84 45 66 95
2 79 43 63 90
2 77 40 59 88
2 74 36 55 84
2 71 33 52 79
2 69 28 48 77
2 64 23 46 74
3 59 20 43 71
3 56 16 41 69
3 54 14 36 65
3 50 9 34 60
3 47 100 31 57
3 42 95 29 54
3 38 92 26 50
3 33 88 22 45
3 30 84 17 42
3 28 81 12 37
3 24 78 10 33
3 20 76 5 31
3 16 74 100 29
3 11 72 95 26
3 7 69 92 23
3 100 65 88 18
3 98 61 85 13
3 94 59 83 10
3 90 55 78 6
3 86 53 76 100
3 83 49 74 97
3 81 44 70 95
3 79 42 68 91
3 76 40 66 88
3 74 38 61 85
3 69 35 59 82
3 66 31 56 80
3 62 28 54 76
3 58 23 51 71
3 56 18 48 69
3 51 16 46 65
3 49 12 42 62
3 47 7 37 57
3 43 100 35 52
3 41 95 30 47
3 37 90 27 44
3 33 87 22 39
3 31 83 17 35
3 27 78 13 33
3 25 76 8 28
3 23 73 100 26
3 18 71 95 21
3 14 69 93 16
3 9 64 89 12
3 7 62 87 8
3 100 58 84 100
3 97 54 81 97
3 94 51 76 94
3 89 47 74 90
3 85 45 69 87
3 82 40 66 85
3 78 36 64 83
3 74 34 60 80
3 69 31 55 78
3 65 27 51 75
3 60 23 48 70
3 56 18 43 67
3 53 13 39 62
3 48 10 34 57
3 45 8 30 54
3 43 100 25 52
3 38 96 20 47
3 34 94 15 42
3 30 91 12 38
3 27 86 8 33
3 24 83 100 31
3 20 81 97 26
3 18 79 92 22
3 15 76 87 18
3 12 72 83 16
3 10 69 79 13
3 6 64 74 11
3 100 60 69 9
3 95 58 65 5
3 91 54 61 100
3 88 52 59 97
3 86 49 55 95
3 84 47 53 93
3 79 43 50 91
3 74 40 45 86
3 70 36 42 81
3 67 31 38 76
3 65 27 35 73
3 63 22 32 70
3 60 19 27 65
3 57 15 25 62
3 54 13 23 60
3 51 10 19 57
3 48 6 16 52
3 44 100 11 49
3 42 96 6 44
3 37 94 100 41
3 35 90 96 39
3 32 87 91 37
3 27 82 86 33
3 22 78 82 30
3 18 75 78 26
3 15 73 76 24
3 10 68 74 20
3 6 65 71 17
3 100 61 68 14
3 97 57 64 11
3 93 54 62 9
3 89 51 59 6
3 87 46 54 100
3 85 41 50 96
3 80 39 46 94
3 75 36 43 89
3 73 34 39 85
3 71 30 34 80
3 68 25 31 76
3 64 20 26 73
3 62 16 22 69
3 60 11 17 64
3 55 7 12 62
3 52 100 8 60
3 50 95 6 58
3 45 91 100 53
3 41 88 98 49
3 36 85 94 44
3 31 81 89 39
3 28 77 84 36
3 24 72 80 32
3 21 68 77 30
3 17 63 72 26
3 15 59 69 22
3 12 56 67 18
3 9 51 63 16
3 6 47 58 14
3 100 42 54 9
3 95 39 52 6
3 91 35 50 100
3 88 31 45 97
3 86 29 41 92
3 81 27 39 89
3 78 23 34 85
3 74 18 31 81
3 70 15 27 76
3 65 11 22 73
3 61 8 19 68
3 59 100 14 65
3 57 98 11 63
3 53 95 8 61
3 49 92 100 58
3 45 88 96 54
3 43 85 93 51
3 39 81 90 46
3 34 78 88 42
3 29 74 84 40
3 27 72 81 37
3 24 70 78 32
3 19 65 73 30
3 16 61 71 27
3 12 56 66 22
3 10 52 64 20
3 6 48 60 15
3 100 44 57 12
3 96 41 54 8
3 92 39 49 6
3 90 35 47 100
3 88 30 42 97
3 84 25 37 95
3 80 22 35 92
3 77 20 30 88
3 72 18 28 84
3 68 14 25 80
3 63 10 22 78
3 60 8 19 76
3 58 100 17 73
3 54 97 12 71
3 51 94 9 69
3 46 90 100 64
3 43 86 97 59
3 39 81 92 57
3 36 78 89 54
3 33 76 87 49
3 30 73 83 47
3 28 68 79 45
3 26 63 74 43
3 24 58 69 40
3 19 56 65 35
3 15 53 61 32
3 13 50 57 29
3 11 45 54 27
3 9 42 52 22
3 5 38 48 19
3 100 35 46 17
3 98 33 44 14
3 94 28 41 10
3 92 25 37 7
3 89 22 32 100
3 85 20 29 96
3 83 18 25 94
3 80 13 23 89
3 75 10 20 87
3 70 6 16 84
3 66 100 11 80
3 64 96 7 77
3 62 93 100 73
3 58 88 98 69
3 53 84 95 64
3 49 82 91 60
3 45 77 89 58
3 41 75 86 54
3 37 71 83 49
3 33 68 80 45
3 29 63 78 40
3 27 58 73 37
3 24 56 69 32
3 20 51 64 28
3 15 49 60 25
3 10 44 58 20
3 5 40 56 16
3 100 35 54 12
3 98 30 50 7
3 93 25 46 100
3 89 21 41 98
3 84 17 39 96
3 82 12 37 91
3 79 7 35 89
3 76 100 32 84
3 71 98 28 82
3 69 93 26 78
3 64 88 23 74
3 61 85 20 71
3 58 80 18 69
3 56 78 16 64
3 53 74 11 60
3 48 69 7 55
3 45 65 100 53
3 43 63 95 49
3 41 60 91 47
3 39 56 86 42
3 35 51 82 39
3 32 46 78 36
3 30 42 74 32
3 28 39 69 29
3 24 36 66 25
3 19 34 61 20
3 17 31 56 16
3 15 26 51 13
3 13 24 48 8
3 10 22 43 100
3 7 17 41 96
3 100 15 39 92
3 95 10 35 88
3 92 7 30 85
3 90 5 25 80
3 86 100 23 75
3 81 95 18 72
3 76 90 14 70
3 73 86 10 65
3 69 82 6 61
3 65 79 100 59
3 63 74 95 57
3 58 72 92 55
3 56 70 88 53
3 54 65 85 50
3 51 63 83 46
3 46 61 79 41
3 43 59 76 36
3 38 54 71 31
3 36 51 67 26
3 31 47 63 22
3 26 43 59 17
3 24 39 54 13
3 22 35 49 9
3 20 33 45 7
3 18 31 43 100
3 13 28 38 96
3 8 23 35 93
3 100 19 32 90
3 98 15 28 87
3 93 13 25 82
3 91 9 20 80
3 86 7 18 75
3 82 5 14 71
3 78 100 9 66
3 74 98 5 62
3 70 95 100 57
3 65 92 95 53
3 62 88 93 49
3 57 85 88 45
3 54 83 83 41
3 52 80 81 36
3 48 78 77 34
3 46 75 73 31
3 43 71 71 27
3 41 68 66 25
3 38 66 61 22
3 34 63 58 18
3 29 60 53 16
3 27 55 51 11
3 24 53 49 6
3 22 51 45 100
3 19 46 41 97
3 14 44 39 92
3 12 41 36 88
3 10 37 33 85
3 5 34 30 82
3 100 31 28 77
3 98 27 23 75
3 94 22 20 72
3 89 17 15 67
3 85 13 11 63
3 83 9 9 58
3 79 5 5 56
3 76 100 100 51
3 72 96 95 48
3 70 93 93 43
3 68 91 88 40
3 66 86 84 35
3 61 81 79 30
3 57 79 77 26
3 54 75 75 24
3 49 72 71 22
3 44 67 69 20
3 39 62 66 18
3 35 60 61 14
3 30 55 58 10
3 25 52 53 7
3 20 48 48 100
3 18 46 43 98
3 14 44 41 96
3 9 41 39 91
3 100 37 36 89
3 95 33 32 84
3 91 28 27 81
3 89 23 25 78
3 84 21 20 74
3 82 19 18 71
3 78 14 16 66
3 76 10 13 64
3 72 8 10 61
3 67 6 6 59
3 64 100 100 55
3 59 97 96 53
3 55 95 93 48
3 52 91 91 43
3 49 88 88 38
3 44 85 85 34
3 40 82 83 29
3 38 79 79 27
3 33 77 74 22
3 31 74 72 17
3 28 69 68 13
3 25 64 66 10
3 20 62 62 6
3 18 57 59 100
3 15 52 55 98
3 12 50 51 96
3 7 46 49 93
3 100 44 47 91
3 96 42 43 88
3 92 39 41 85
3 89 37 39 81
3 85 33 37 76
3 83 30 32 74
3 80 27 29 71
3 77 24 27 67
3 75 22 25 65
3 71 17 23 63
3 66 13 18 59
3 61 9 16 54
3 59 5 14 49
4 55 100 10 45
4 50 95 5 42
4 45 91 100 37
4 42 88 97 35
4 39 83 94 30
4 34 81 90 27
4 32 78 87 25
4 30 75 83 22
4 26 73 78 17
4 24 71 74 15
4 19 68 69 11
4 14 66 64 6
4 9 64 61 100
4 7 59 57 96
4 100 55 53 93
4 97 53 48 88
4 94 49 45 84
4 91 47 43 81
4 87 43 39 77
4 82 38 35 74
4 79 33 32 69
4 74 31 27 66
4 72 26 24 63
4 69 21 22 58
4 65 19 17 56
4 60 17 15 51
4 57 13 10 48
4 54 9 6 46
4 52 100 100 41
4 48 96 96 39
4 45 94 93 34
4 42 89 90 30
4 38 85 85 26
4 33 82 80 22
4 30 80 77 18
4 28 77 72 16
4 26 73 69 11
4 23 68 66 6
4 18 66 63 100
4 15 61 59 98
4 12 58 54 94
4 10 53 51 89
4 5 49 48 85
4 100 47 44 80
4 96 45 40 78
4 93 41 36 73
4 90 38 32 68
4 87 35 29 64
4 82 33 26 61
4 77 31 22 59
4 72 28 19 57
4 70 25 17 55
4 67 20 15 52
4 65 17 12 47
4 63 15 9 44
4 59 13 6 41
4 56 10 100 36
4 51 6 97 33
4 48 100 94 29
4 46 95 92 26
4 44 91 89 22
4 41 87 87 20
4 38 84 85 18
4 33 82 83 16
4 29 80 81 13
4 24 76 77 8
4 21 73 74 100
4 18 70 71 98
4 15 67 66 94
4 11 63 63 91
4 7 61 61 86
4 100 59 57 84
4 98 56 55 81
4 94 54 52 78
4 89 52 48 74
4 86 48 44 71
4 81 44 40 69
4 76 41 36 67
4 71 39 32 62
4 68 37 30 57
4 64 33 27 53
4 59 30 25 51
4 56 26 20 46
4 51 23 15 44
4 49 21 12 42
4 47 18 10 39
4 44 16 6 36
4 41 13 100 31
4 36 8 95 26
4 33 100 91 24
4 31 97 88 19
4 29 92 83 17
4 25 88 79 13
4 20 86 74 8
4 17 83 71 100
4 12 78 68 96
4 9 73 64 93
4 6 68 60 89
4 100 65 58 85
4 98 63 54 83
4 96 58 51 80
4 92 54 48 75
4 90 51 43 73
4 85 49 41 71
4 81 47 36 69
4 79 42 31 65
4 74 37 29 60
4 72 32 26 58
4 68 27 21 55
4 63 24 18 51
4 59 22 14 49
4 54 17 12 47
4 51 14 10 44
4 49 10 5 40
4 46 6 100 35
4 42 100 98 31
4 37 98 95 27
4 32 93 92 25
4 29 88 88 20
4 25 83 85 18
4 20 79 83 15
4 17 75 78 12
4 13 70 76 7
4 10 67 72 100
4 5 65 67 95
4 100 63 62 92
4 98 61 57 87
4 96 56 54 85
4 91 51 50 80
4 87 48 45 78
4 82 45 40 73
4 78 43 38 70
4 76 40 33 67
4 73 35 28 63
4 69 30 26 60
4 67 27 23 56
4 63 25 21 53
4 61 21 19 51
4 56 16 15 49
4 51 14 12 45
4 48 11 8 43
4 46 8 6 41
4 41 5 100 37
4 36 100 95 34
4 31 96 91 29
4 28 92 86 24
4 24 88 82 19
4 19 83 78 16
4 14 79 73 12
4 11 74 70 7
4 8 69 68 5
4 100 65 63 100
4 95 63 61 98
4 91 59 58 95
4 89 56 54 93
4 85 52 49 91
4 83 49 45 89
4 79 44 43 85
4 75 40 39 82
4 70 37 37 80
4 66 33 33 75
4 61 31 29 70
4 56 29 27 65
4 52 25 25 60
4 47 23 20 56
4 42 19 15 51
4 38 16 12 46
4 36 12 7 44
4 34 8 100 41
4 32 6 96 39
4 27 100 93 34
4 24 96 89 30
4 22 93 87 27
4 18 89 85 24
4 15 85 83 19
4 11 80 81 16
4 8 75 77 13
4 5 71 73 9
4 100 67 70 6
4 96 63 66 100
4 92 60 61 97
4 90 58 59 95
4 85 55 57 92
4 81 53 54 89
4 76 50 52 87
4 73 46 48 84
4 70 44 45 79
4 65 40 43 76
4 61 36 39 74
4 59 34 34 69
4 54 31 32 67
4 49 26 30 64
4 44 21 26 60
4 42 18 21 57
4 37 13 17 54
4 35 11 12 50
4 31 6 8 47
4 29 100 5 45
4 24 97 100 42
4 22 93 98 39
4 18 91 94 37
4 15 87 91 35
4 11 84 87 33
4 9 81 82 31
4 7 77 77 29
4 100 74 73 27
4 98 72 71 22
4 95 70 66 19
4 92 66 63 16
4 87 61 58 14
4 85 58 54 10
4 80 56 52 5
4 75 51 49 100
4 73 46 47 97
4 68 43 42 92
4 64 38 38 87
4 59 35 35 84
4 54 33 33 82
4 51 30 29 77
4 47 27 27 75
4 42 23 25 71
4 38 21 21 69
4 34 17 16 66
4 30 13 12 63
4 27 11 8 59
4 22 8 6 56
4 18 100 100 54
4 16 98 95 49
4 14 96 93 47
4 11 93 89 44
4 7 91 84 42
4 100 87 80 37
4 97 84 78 34
4 94 81 76 31
4 89 77 71 27
4 85 72 66 25
4 80 70 64 20
4 77 68 60 17
4 75 65 57 14
4 70 61 54 12
4 67 58 52 7
4 62 54 48 100
4 60 51 45 96
4 57 46 41 91
4 55 41 37 86
4 51 38 33 81
4 49 36 28 79
4 44 33 26 74
4 40 30 23 70
4 37 26 18 67
4 35 23 14 64
4 33 19 9 62
4 31 16 5 58
4 29 11 100 54
4 26 7 95 52
4 21 5 92 50
4 19 100 88 46
4 16 98 86 43
4 14 94 84 38
4 10 92 79 35
4 6 88 76 30
4 100 85 74 28
4 97 83 72 24
4 92 80 70 19
4 88 78 66 15
4 84 75 63 13
4 81 70 58 8
4 79 68 54 6
4 76 64 49 100
4 73 60 44 96
4 70 58 42 94
4 65 54 37 90
4 61 49 33 86
4 57 44 29 83
4 53 39 24 78
4 48 37 22 75
4 45 32 20 70
4 43 28 16 68
4 40 25 14 63
4 37 22 12 61
4 34 19 9 57
4 32 16 6 54
4 27 11 100 51
4 24 9 98 47
4 20 5 95 42
4 18 100 91 39
4 16 95 88 37
4 14 90 84 33
4 9 85 81 28
4 6 80 79 26
4 100 78 75 21
4 98 75 70 18
4 94 72 68 15
4 91 70 63 11
4 86 67 59 9
4 82 64 57 100
4 80 61 54 98
4 76 56 52 96
4 73 53 48 94
4 71 49 44 89
4 69 47 41 84
4 64 42 37 81
4 61 39 33 77
4 59 36 28 74
4 57 32 23 72
4 55 29 18 70
4 53 24 13 67
4 49 19 9 63
4 44 15 5 59
4 42 12 100 57
4 38 7 96 55
4 35 100 92 50
4 31 96 88 48
4 27 92 83 46
4 22 88 79 41
4 20 86 74 37
4 15 84 69 32
4 12 81 67 28
4 10 77 63 23
4 7 74 60 21
4 100 72 57 18
4 95 69 53 14
4 90 67 48 10
4 88 64 46 8
4 83 62 44 6
4 81 58 42 100
4 77 54 40 97
4 75 51 35 95
4 73 49 32 90
4 71 47 30 86
4 66 44 28 83
4 61 41 23 78
4 57 39 20 73
4 54 36 18 71
4 51 34 16 66
4 49 30 13 61
4 45 27 8 56
4 41 24 6 51
4 38 20 100 48
4 34 18 98 43
4 32 13 95 41
4 27 9 90 39
4 22 5 86 37
4 19 100 83 33
4 15 97 78 30
4 10 92 74 26
4 5 88 69 23
4 100 86 64 18
4 98 82 61 14
4 94 79 57 12
4 89 76 52 8
4 84 73 49 100
4 82 68 46 97
4 79 65 41 95
4 74 62 36 92
4 69 59 32 90
4 65 56 27 87
4 63 53 23 85
4 61 49 21 81
4 57 45 16 76
4 54 43 13 72
4 49 38 11 68
4 45 35 9 63
4 43 30 7 59
4 40 25 5 54
5 36 22 100 51
5 32 17 95 47
5 29 15 91 45
5 26 11 88 41
5 22 7 85 37
5 18 100 80 35
5 13 98 76 32
5 8 96 73 29
5 6 91 69 27
5 100 89 64 22
5 96 85 62 18
5 92 82 59 13
5 87 77 55 8
5 85 72 52 6
5 83 69 47 100
5 78 66 43 97
5 75 61 41 94
5 73 57 38 91
5 68 53 35 86
5 64 49 31 84
5 61 46 28 80
5 56 44 25 76
5 53 41 20 73
5 51 39 15 70
5 46 37 10 65
5 44 35 6 61
5 40 30 100 59
5 38 25 96 56
5 33 20 92 52
5 31 17 88 48
5 28 15 85 45
5 26 11 80 40
5 24 9 76 36
5 21 100 72 33
5 19 97 70 31
5 14 92 68 29
5 10 87 63 24
5 5 82 60 22
5 100 78 58 20
5 98 76 53 17
5 94 74 48 14
5 91 71 44 12
5 89 67 40 7
5 85 65 37 100
5 82 61 33 95
5 80 58 29 92
5 77 56 26 89
5 73 53 22 84
5 70 51 17 80
5 65 49 15 78
5 60 46 11 73
5 55 43 6 70
5 50 39 100 66
5 46 34 95 63
5 42 30 90 61
5 39 27 88 59
5 36 22 83 57
5 34 20 79 52
5 32 15 76 50
5 28 10 74 47
5 23 5 69 44
5 21 100 64 42
5 18 98 62 39
5 13 94 60 36
5 9 91 55 34
5 7 87 50 30
5 100 83 47 25
5 96 78 45 21
5 92 76 42 17
5 89 71 38 14
5 84 69 35 11
5 81 66 31 9
5 77 62 27 7
5 73 59 23 5
5 68 57 19 100
5 66 53 17 95
5 62 48 14 93
5 59 44 12 88
5 54 40 8 86
5 50 36 5 81
5 45 31 100 77
5 43 29 96 74
5 41 24 92 72
5 36 21 88 70
5 34 17 86 68
5 30 13 81 66
5 27 11 78 63
5 24 7 73 59
5 22 100 71 55
5 19 98 68 52
5 16 93 64 47
5 11 91 61 42
5 7 89 57 37
5 100 86 53 34
5 98 81 48 31
5 94 79 46 26
5 90 77 41 23
5 88 72 37 18
5 86 70 34 13
5 81 66 29 11
5 78 62 27 9
5 76 57 24 100
5 73 53 21 98
5 68 51 16 93
5 63 49 11 91
5 60 47 7 86
5 55 44 5 82
5 51 39 100 78
5 49 35 95 76
5 44 30 90 74
5 39 27 85 70
5 35 25 80 67
5 33 20 75 64
5 29 15 71 60
5 27 13 67 58
5 23 11 63 56
5 20 9 60 51
5 17 100 57 47
5 13 98 55 44
5 8 93 52 40
5 5 90 49 38
5 100 86 45 34
5 98 82 42 30
5 95 77 38 25
5 91 72 35 22
5 87 67 30 19
5 82 63 26 14
5 78 60 21 9
5 73 58 16 6
5 71 53 13 100
5 67 48 10 97
5 65 43 8 95
5 60 41 100 90
5 58 37 97 87
5 55 33 95 85
5 51 28 91 83
5 48 24 87 81
5 44 21 84 79
5 39 18 81 75
5 37 14 76 71
5 32 11 72 69
5 27 8 67 67
5 23 6 64 62
5 19 100 59 59
5 16 95 56 54
5 14 93 51 52
5 11 88 49 50
5 8 85 47 47
5 100 81 45 42
5 95 77 42 40
5 91 75 38 35
5 88 70 34 33
5 86 66 31 30
5 81 62 26 26
5 78 60 22 21
5 75 57 17 18
5 73 54 12 15
5 70 51 9 10
5 65 49 7 7
5 62 45 100 100
5 58 40 95 97
5 54 38 93 95
5 52 36 90 93
5 48 33 88 88
5 45 30 86 86
5 41 28 82 84
5 36 24 80 80
5 33 20 75 78
5 28 16 70 73
5 26 13 66 69
5 21 10 62 65
5 17 7 58 61
5 12 100 55 59
5 7 96 50 56
5 100 92 48 51
5 98 88 43 46
5 93 83 40 41
5 90 79 35 37
5 87 76 32 34
5 82 73 30 30
5 79 68 28 25
5 74 63 26 21
5 71 60 22 18
5 66 57 17 13
5 61 53 14 11
5 57 49 10 9
5 52 45 7 6
5 50 42 100 100
5 46 39 97 95
5 41 36 95 93
5 38 32 93 91
5 35 29 88 86
5 32 27 83 84
5 28 22 78 81
5 24 17 75 77
5 20 15 70 75
5 18 10 68 73
5 13 7 66 68
5 9 5 63 64
5 7 100 60 62
5 5 98 56 57
5 100 96 51 53
5 96 92 49 51
5 94 88 47 49
5 92 83 42 47
5 88 81 37 44
5 84 79 32 41
5 82 76 28 38
5 79 74 24 34
5 74 69 21 29
5 72 67 18 27
5 69 63 15 25
5 64 61 10 22
5 62 59 6 20
5 58 55 100 16
5 53 52 98 11
5 50 49 93 6
5 47 47 90 100
5 44 42 87 97
5 40 39 82 94
5 35 36 78 90
5 33 33 75 86
5 30 28 70 81
5 25 23 66 78
5 21 18 62 75
5 17 13 57 71
5 12 11 55 68
5 7 7 52 64
5 100 100 47 61
5 96 95 42 58
5 92 91 38 54
5 88 88 33 49
5 84 83 29 46
5 82 79 27 44
5 78 77 25 42
5 74 74 23 38
5 70 69 18 35
5 68 67 16 33
5 65 64 13 28
5 62 61 8 23
5 57 57 100 21
5 52 53 96 19
5 50 51 92 14
5 46 48 90 12
5 42 46 85 9
5 38 44 83 5
5 35 42 78 100
5 32 38 75 95
5 29 34 71 90
5 25 32 68 88
5 22 29 65 86
5 18 25 60 82
5 15 23 58 78
5 10 20 56 76
5 8 16 54 72
5 6 12 49 68
5 100 10 44 65
5 95 7 40 61
5 92 100 35 58
5 90 98 32 53
5 86 96 30 51
5 84 93 28 48
5 82 90 23 43
5 80 86 18 40
5 78 83 15 37
5 75 80 10 34
5 70 77 7 30
5 65 74 100 28
5 63 72 96 23
5 60 70 93 18
5 57 65 90 15
5 53 61 88 13
5 50 59 83 11
5 46 57 81 6
5 42 53 79 100
5 40 50 76 98
5 36 47 72 96
5 33 42 67 91
5 29 40 65 89
5 26 38 62 86
5 21 36 58 84
5 17 32 53 79
5 12 28 51 76
5 7 25 46 71
5 100 23 44 68
5 97 18 39 65
5 92 16 36 60
5 88 13 31 56
5 83 8 29 53
5 79 100 25 49
5 76 95 20 46
5 74 93 15 43
5 71 91 10 38
5 66 87 5 35
5 64 85 100 30
5 62 83 98 26
5 57 79 94 22
5 55 77 90 18
5 51 74 88 13
5 47 71 86 9
5 45 66 83 7
5 42 64 81 5
5 38 60 79 100
5 35 56 74 98
5 33 53 69 94
5 30 48 67 92
5 26 43 63 89
5 22 39 61 87
5 18 36 58 83
5 16 31 53 80
5 14 28 48 77
5 12 25 46 74
5 7 23 44 72
5 100 18 40 67
5 97 13 38 63
5 92 10 35 60
5 87 7 31 57
5 82 100 28 55
5 77 97 25 53
5 74 93 21 49
5 70 90 16 45
5 65 88 14 42
5 63 84 12 39
5 59 82 10 36
5 55 79 5 31
5 50 77 100 26
5 47 72 96 23
5 44 67 92 19
5 41 63 88 16
5 39 61 84 14
5 36 59 79 9
5 31 55 76 6
5 26 52 71 100
5 21 47 66 97
5 16 42 63 92
5 12 40 61 88
5 8 38 58 83
5 100 33 55 79
5 95 30 50 77
5 91 25 47 74
5 87 21 42 72
5 83 19 38 67
5 80 16 35 62
5 77 13 30 60
5 73 11 28 55
5 69 9 23 53
5 65 100 18 48
5 61 96 13 43
5 59 94 10 38
5 56 91 6 33
5 54 89 100 29
5 51 84 96 26
5 46 82 92 21
5 44 78 87 16
5 41 73 84 11
5 37 69 80 7
5 34 64 76 100
5 29 60 74 96
5 26 58 72 92
5 22 55 67 90
5 20 53 65 85
5 16 49 61 80
5 11 47 56 76
5 7 45 53 72
5 5 40 50 68
6 100 35 48 65
6 96 32 43 63
6 94 28 41 58
6 91 26 38 55
6 87 24 33 52
6 82 21 28 49
6 77 18 25 47
6 74 14 21 43
6 71 12 17 40
6 68 9 12 38
6 66 6 7 34
6 62 100 100 29
6 59 96 96 26
6 55 94 93 21
6 50 90 88 16
6 45 87 84 13
6 43 83 79 11
6 41 80 75 7
6 37 77 72 100
6 34 73 67 98
6 32 68 62 93
6 27 66 59 88
6 24 62 55 85
6 21 58 52 81
6 16 54 47 76
6 13 51 43 73
6 9 49 39 69
6 6 44 35 66
6 100 39 31 64
6 97 37 28 59
6 94 33 25 56
6 89 30 20 52
6 85 28 18 50
6 83 25 16 45
6 80 22 12 43
6 78 17 10 41
6 74 15 8 36
6 72 13 100 34
6 67 8 96 29
6 65 5 91 26
6 61 100 87 21
6 56 95 83 19
6 53 93 79 17
6 50 88 74 13
6 47 84 72 10
6 42 79 68 6
6 37 77 66 100
6 34 72 62 95
6 29 68 57 92
6 25 66 53 87
6 21 61 48 84
6 17 59 46 81
6 13 57 43 78
6 10 54 41 74
6 8 52 37 72
6 6 47 35 70
6 100 43 33 65
6 95 40 29 60
6 91 37 26 55
6 87 32 24 53
6 84 27 20 48
6 81 23 16 45
6 78 21 14 42
6 75 18 9 38
6 73 16 6 36
6 69 12 100 32
6 66 7 98 28
6 62 5 96 25
6 57 100 94 22
6 52 98 92 17
6 50 93 90 12
6 45 88 88 8
6 42 84 85 6
6 38 80 81 100
6 35 75 79 97
6 30 71 77 95
6 26 69 74 92
6 23 67 72 87
6 21 62 70 82
6 16 60 68 80
6 13 55 65 75
6 11 52 61 73
6 8 50 58 68
6 5 48 54 66
6 100 45 52 63
6 97 43 48 60
6 93 38 46 57
6 90 34 41 52
6 88 30 37 50
6 84 25 33 48
6 82 20 31 46
6 78 18 27 43
6 75 15 22 38
6 73 13 17 35
6 70 11 15 33
6 68 6 10 30
6 66 100 7 27
6 61 95 100 22
6 56 90 96 18
6 54 86 93 15
6 49 82 90 11
6 47 78 85 8
6 43 74 81 100
6 39 71 79 95
6 34 66 74 93
6 32 63 70 91
6 30 59 67 88
6 26 54 63 85
6 22 50 59 82
6 20 47 54 78
6 18 45 51 73
6 14 43 47 70
6 11 38 44 68
6 6 34 42 65
6 100 32 37 61
6 97 29 35 59
6 92 24 32 54
6 87 21 27 49
6 85 16 22 46
6 80 12 19 43
6 78 9 14 40
6 75 7 12 36
6 73 5 8 34
6 71 100 100 29
6 69 95 96 27
6 67 92 94 24
6 62 89 89 22
6 57 85 85 20
6 54 80 82 17
6 52 75 78 14
6 50 73 76 11
6 46 71 72 6
6 42 67 69 100
6 40 63 67 97
6 36 58 64 95
6 32 54 60 91
6 27 50 58 88
6 25 45 56 85
6 21 43 51 80
6 18 40 48 78
6 15 35 43 73
6 12 32 40 71
6 7 30 37 67
6 100 28 33 64
6 95 24 29 62
6 90 22 25 57
6 85 20 23 52
6 82 18 20 48
6 79 15 17 44
6 75 12 15 42
6 73 9 13 38
6 69 7 11 35
6 65 5 6 33
6 61 100 100 29
6 59 95 98 27
6 54 92 94 23
6 50 89 92 20
6 45 87 88 18
6 40 82 85 14
6 35 77 80 12
6 33 73 77 7
6 31 71 73 100
6 29 68 71 98
6 26 65 69 95
6 24 62 66 93
6 22 59 63 89
6 20 55 58 84
6 18 52 54 82
6 14 47 52 80
6 9 43 48 75
6 6 41 46 72
6 100 39 41 70
6 97 35 39 68
6 95 30 37 63
6 93 26 35 58
6 89 23 30 53
6 86 19 25 50
6 84 15 20 45
6 81 10 16 43
6 78 8 12 39
6 73 5 7 34
6 69 100 100 31
6 65 98 96 26
6 61 93 91 24
6 56 89 89 20
6 52 85 85 16
6 49 82 82 13
6 45 80 78 9
6 40 76 73 100
6 38 72 71 96
6 36 68 67 91
6 31 63 65 86
6 27 60 60 82
6 25 57 56 79
6 21 52 54 75
6 17 50 50 71
6 14 46 46 69
6 9 41 44 64
6 7 39 40 59
6 100 37 36 56
6 98 33 33 51
6 95 28 29 47
6 92 24 24 44
6 88 21 20 39
6 84 16 17 34
6 80 12 13 31
6 78 9 9 27
6 73 6 6 24
6 68 100 100 22
6 63 95 95 17
6 59 91 91 15
6 55 89 89 11
6 53 84 86 9
6 49 82 83 100
6 44 78 79 95
6 39 73 75 92
6 35 68 71 90
6 30 64 66 86
6 28 59 64 82
6 26 56 61 79
6 21 52 59 74
6 19 49 57 71
6 16 46 55 68
6 11 42 53 63
6 7 38 50 59
6 100 35 47 54
6 97 30 44 49
6 93 27 40 44
6 90 22 38 41
6 86 17 34 36
6 81 13 31 32
6 77 8 27 28
6 74 5 24 26
6 69 100 21 21
6 66 97 17 19
6 62 94 13 14
6 59 91 11 12
6 55 86 6 8
6 53 81 100 5
6 50 77 97 100
6 45 73 93 95
6 40 68 89 93
6 36 66 86 90
6 33 62 83 86
6 31 59 79 82
6 27 56 75 80
6 25 54 71 75
6 20 49 68 70
6 16 45 65 67
6 13 43 60 65
6 8 38 56 61
6 100 33 52 59
6 98 28 47 55
6 96 24 45 51
6 94 19 43 46
6 92 15 41 43
6 87 13 37 38
6 84 11 32 35
6 79 6 30 33
6 77 100 27 30
6 72 96 25 27
6 69 91 21 23
6 65 88 17 18
6 61 84 13 16
6 57 80 9 13
6 52 75 7 11
6 49 72 100 8
6 45 67 96 5
6 43 64 92 100
6 40 61 88 95
6 37 59 83 90
6 34 55 81 86
6 31 50 77 84
6 27 46 74 80
6 23 42 71 76
6 21 37 69 74
6 16 32 64 70
6 11 28 59 65
6 8 23 55 62
6 5 21 53 58
6 100 16 50 55
6 95 12 48 52
6 93 9 44 50
6 88 6 42 45
6 86 100 37 41
6 83 95 32 38
6 78 92 28 36
6 76 87 23 31
6 72 82 19 27
6 68 78 16 22
6 65 75 14 20
6 61 73 10 17
6 59 71 7 15
6 55 68 100 13
6 50 66 97 11
6 47 63 92 6
6 44 59 88 100
6 39 57 84 95
6 34 55 79 92
6 30 50 74 87
6 28 47 69 82
6 24 44 64 78
6 21 39 61 75
6 18 35 59 72
6 16 32 57 70
6 13 29 54 68
6 9 24 50 63
6 5 19 46 58
6 100 17 43 54
6 97 15 38 49
6 94 11 35 46
6 90 6 31 43
6 87 100 27 40
6 83 95 25 37
6 79 92 23 35
6 75 88 18 30
6 70 83 14 27
6 67 80 12 22
6 63 77 7 17
6 58 74 100 13
6 56 72 96 11
6 54 70 94 9
6 50 65 89 5
6 46 62 84 100
6 44 58 80 95
6 39 53 76 91
6 36 50 73 87
6 32 45 69 84
6 30 40 66 82
6 25 37 62 77
6 20 34 58 74
6 17 30 56 71
6 12 28 52 66
6 7 25 47 61
6 5 21 43 56
6 100 17 40 52
6 95 12 35 50
6 91 9 32 46
6 87 5 29 44
6 85 100 25 40
6 80 95 22 38
6 76 90 19 35
6 72 87 14 33
6 68 83 11 30
6 66 78 8 27
6 62 74 5 22
6 57 70 100 18
6 52 66 95 13
6 50 61 91 8
6 47 58 89 6
6 43 54 84 100
6 38 51 80 96
6 34 47 77 94
6 32 43 72 92
6 29 38 70 89
6 24 36 67 84
6 19 32 65 79
6 14 28 62 75
6 9 23 57 73
6 100 20 54 68
6 95 15 52 64
6 92 10 49 61
6 87 5 47 56
6 83 100 45 51
6 79 98 41 48
7 77 93 38 46
7 75 90 36 41
7 71 86 32 39
7 69 81 29 37
7 66 76 24 35
7 63 72 20 31
7 59 67 17 29
7 56 63 12 25
7 53 58 8 22
7 51 54 100 17
7 46 50 98 13
7 42 48 94 9
7 37 44 91 100
7 35 39 87 97
7 33 35 83 93
7 29 33 78 88
7 27 31 76 84
7 23 27 73 80
7 20 22 70 76
7 17 20 65 71
7 13 17 61 67
7 11 15 57 63
7 7 12 55 61
7 100 10 50 59
7 96 5 48 56
7 91 100 44 51
7 89 96 41 49
7 85 94 36 46
7 83 92 33 41
7 79 88 30 36
7 75 85 26 32
7 71 80 22 27
7 66 77 17 25
7 62 72 15 23
7 58 69 13 20
7 55 67 8 16
7 52 63 6 11
7 50 59 100 7
7 47 56 98 100
7 42 53 93 97
7 37 48 90 95
7 33 45 87 93
7 30 43 83 90
7 26 41 81 87
7 22 38 79 85
7 19 33 76 80
7 15 31 71 76
7 10 28 66 74
7 7 24 62 72
7 100 21 59 69
7 98 18 55 66
7 96 14 50 61
7 93 12 46 59
7 88 9 43 55
7 84 7 39 51
7 80 100 34 48
7 77 97 31 46
7 75 93 28 42
7 71 88 25 37
7 68 86 22 35
7 66 82 17 30
7 62 78 13 27
7 59 76 9 24
7 56 72 100 19
7 51 67 96 17
7 47 64 93 12
7 45 61 91 8
7 41 56 86 5
7 36 53 82 100
7 34 48 79 98
7 29 43 76 93
7 25 39 74 89
7 23 34 71 86
7 20 30 66 82
7 15 28 61 77
7 11 23 56 73
7 8 19 51 70
7 5 14 49 65
7 100 10 47 60
7 96 7 43 56
7 92 100 38 51
7 87 97 36 49
7 82 95 34 46
7 78 93 31 41
7 73 88 27 37
7 68 83 23 32
7 66 80 18 29
7 64 78 15 27
7 62 73 11 23
7 60 68 6 21
7 56 63 100 18
7 54 60 95 14
7 52 58 91 12
7 47 53 89 10
7 45 50 86 5
7 42 46 81 100
7 39 41 76 96
7 34 37 74 94
7 29 35 71 91
7 24 32 69 89
7 20 29 67 85
7 16 27 62 82
7 12 25 60 80
7 8 20 57 77
7 100 17 53 74
7 95 15 48 70
7 90 10 46 65
7 85 7 43 63
7 81 100 38 60
7 78 98 33 58
7 73 96 29 53
7 70 92 25 50
7 65 89 21 47
7 62 87 16 42
7 57 83 13 38
7 52 81 11 35
7 47 78 8 31
7 42 74 100 26
7 38 70 95 21
7 33 68 93 17
7 30 65 88 14
7 26 61 84 9
7 24 59 82 100
7 22 56 77 97
7 20 54 72 92
7 15 51 67 87
7 11 48 65 85
7 8 43 63 82
7 6 41 61 77
7 100 37 59 72
7 98 35 57 67
7 95 31 54 62
7 93 28 52 60
7 88 25 50 57
7 85 22 47 54
7 83 18 43 52
7 78 13 39 49
7 75 8 34 44
7 70 5 32 42
7 66 100 27 40
7 61 96 24 35
7 58 92 21 32
7 55 89 17 30
7 53 85 12 28
7 49 83 10 25
7 45 78 8 20
7 40 76 100 15
7 37 74 96 11
7 35 70 94 7
7 31 66 92 5
7 28 62 89 100
7 23 59 86 95
7 20 55 84 90
7 15 52 82 87
7 10 47 80 85
7 5 44 78 81
7 100 39 74 78
7 96 37 70 76
7 93 32 66 74
7 90 27 64 69
7 85 22 61 67
7 81 20 59 62
7 78 16 54 58
7 74 12 52 54
7 71 10 47 50
7 67 6 42 48
7 62 100 37 45
7 59 96 33 43
7 55 91 29 41
7 51 89 27 36
7 46 84 25 34
7 44 82 20 30
7 40 79 15 27
7 37 76 11 24
7 34 73 6 20
7 31 70 100 18
7 27 66 96 16
7 23 62 92 14
7 18 59 89 12
7 16 54 86 10
7 11 52 81 8
7 6 49 77 100
7 100 44 72 95
7 98 42 69 91
7 95 40 67 86
7 92 38 62 84
7 87 35 57 82
7 84 31 53 79
7 79 26 50 75
7 74 23 45 71
7 72 19 40 69
7 70 17 38 64
7 65 12 33 59
7 63 10 28 55
7 58 5 24 53
7 56 100 19 48
7 54 97 14 43
7 51 92 12 38
7 49 90 8 33
7 47 88 6 28
7 43 85 100 25
7 38 80 96 23
7 35 76 92 18
7 31 72 88 14
7 27 69 85 11
7 24 65 82 7
7 22 62 78 100
7 18 59 73 96
7 13 54 70 94
7 11 51 67 89
7 8 48 62 85
7 5 46 57 80
7 100 42 54 75
7 95 38 50 70
7 93 36 45 65
7 89 33 42 60
7 85 29 39 57
7 82 26 36 55
7 77 22 31 52
7 73 18 29 47
7 71 13 24 45
7 66 11 20 41
7 63 8 17 38
7 59 100 15 33
7 55 96 11 30
7 50 91 9 27
7 46 87 5 22
7 44 85 100 19
7 42 83 95 17
7 37 81 93 14
7 32 78 91 11
7 27 76 87 8
7 22 74 82 100
7 17 70 77 96
7 14 67 72 92
7 11 62 70 89
7 6 59 65 87
7 100 56 60 82
7 97 52 57 78
7 94 50 55 74
7 89 45 53 69
7 84 41 49 65
7 81 39 45 62
7 79 34 40 60
7 76 30 37 56
7 74 25 35 53
7 71 23 32 50
7 67 18 28 48
7 65 15 25 45
7 63 12 21 43
7 61 9 17 38
7 59 100 14 35
7 54 96 10 30
7 50 93 5 26
7 46 89 100 22
7 43 84 95 20
7 39 80 90 16
7 37 78 87 13
7 33 76 82 8
7 30 74 80 6
7 27 71 78 100
7 24 67 75 96
7 20 62 72 92
7 17 57 69 90
7 15 55 67 87
7 13 52 64 83
7 10 47 60 80
7 8 45 55 77
7 100 42 53 75
7 95 38 49 72
7 92 34 47 67
7 90 29 45 63
7 86 26 43 61
7 83 23 39 58
7 81 21 34 53
7 79 19 29 51
7 76 17 27 49
7 72 14 25 47
7 68 10 21 45
7 63 7 19 41
7 59 5 17 39
7 57 100 15 37
7 52 98 10 35
7 49 96 7 33
7 45 93 100 31
7 42 88 96 26
7 39 86 94 24
7 35 82 91 20
7 31 77 86 17
7 27 72 81 12
7 25 69 76 9
7 20 64 73 5
7 16 60 70 100
7 12 57 65 95
7 10 55 60 93
7 6 52 55 90
7 100 48 50 87
7 95 46 48 82
7 93 42 43 77
7 88 37 41 73
7 83 32 38 69
7 81 27 35 66
7 78 23 33 64
7 74 19 29 62
7 71 14 25 59
7 67 11 23 54
7 63 7 19 49
7 61 100 16 46
7 59 95 14 44
7 56 93 11 40
7 53 91 6 35
7 50 86 100 33
7 46 83 95 30
7 43 79 90 27
7 39 75 86 23
7 34 72 81 21
7 30 68 76 19
7 27 65 73 17
7 24 63 71 14
7 20 58 66 9
7 15 55 61 6
7 12 50 57 100
7 8 45 53 96
7 100 43 51 93
7 98 39 46 91
7 93 35 43 86
7 91 32 38 81
7 86 27 36 76
7 81 25 31 71
7 79 23 29 67
7 74 18 24 63
7 69 14 22 58
7 65 12 17 56
7 62 10 13 52
7 58 5 8 48
7 56 100 100 43
7 54 97 95 38
7 51 94 92 33
7 46 90 88 29
7 42 87 84 25
7 38 82 80 22
7 35 80 77 20
7 31 77 73 16
7 26 75 71 14
7 24 72 68 11
7 21 67 63 8
7 17 64 61 100
7 13 62 58 95
7 9 58 56 91
7 6 53 51 86
7 100 50 49 83
7 98 46 47 79
7 93 42 43 75
7 91 38 40 70
7 89 33 38 67
7 87 28 33 63
7 84 24 29 60
7 79 19 24 58
7 74 14 19 55
7 71 9 15 50
7 67 7 10 47
7 62 100 8 42
7 58 95 100 38
7 54 92 95 33
7 51 87 93 28
8 47 85 90 26
8 42 82 88 24
8 40 80 83 20
8 38 76 81 16
8 36 71 76 12
8 32 66 72 9
8 28 61 70 7
8 26 57 67 100
8 22 55 62 97
8 19 53 60 94
8 14 48 56 90
8 10 46 53 86
8 8 44 48 81
8 100 41 44 77
8 96 37 39 73
8 91 32 35 68
8 86 27 32 66
8 81 24 30 62
8 76 22 26 60
8 71 20 23 55
8 66 18 21 51
8 61 15 16 47
8 57 11 12 43
8 52 8 10 41
8 48 6 5 36
8 44 100 100 31
8 42 95 95 26
8 38 93 92 21
8 36 88 88 17
8 32 86 83 12
8 27 83 80 9
8 25 79 77 5
8 23 74 74 100
8 19 69 69 97
8 17 66 67 92
8 13 62 65 88
8 11 57 60 83
8 6 53 55 79
8 100 51 50 76
8 98 49 46 73
8 93 44 44 68
8 89 40 42 66
8 85 37 38 63
8 82 35 36 59
8 79 31 32 54
8 76 26 30 52
8 74 23 26 47
8 69 21 21 42
8 67 16 16 39
8 64 11 14 35
8 60 8 12 31
8 55 100 8 28
8 52 95 6 25
8 50 93 100 21
8 48 90 96 19
8 43 87 92 16
8 39 84 87 11
8 34 82 85 9
8 32 79 82 5
8 28 74 80 100
8 24 69 76 97
8 20 67 71 94
8 18 62 69 91
8 14 57 64 86
8 10 55 62 84
8 6 50 59 82
8 100 46 57 80
8 96 41 52 78
8 92 37 47 74
8 87 34 42 69
8 85 31 39 66
8 81 29 36 64
8 78 27 33 60
8 73 22 31 55
8 68 20 29 50
8 65 18 25 48
8 61 14 23 46
8 59 11 19 43
8 55 9 16 41
8 52 6 11 36
8 48 100 9 32
8 43 96 100 30
8 39 93 95 26
8 36 89 90 24
8 32 86 87 22
8 30 82 84 18
8 27 77 82 16
8 24 72 79 14
8 19 70 74 9
8 17 65 72 5
8 14 63 67 100
8 9 60 64 95
8 6 58 60 90
8 100 55 55 88
8 97 52 52 86
8 94 49 49 81
8 89 44 44 78
8 84 40 40 76
8 80 37 38 71
8 77 35 35 69
8 75 30 30 66
8 70 25 28 64
8 68 20 25 59
8 63 18 20 54
8 60 14 16 51
8 57 9 14 46
8 54 7 11 41
8 50 5 8 37
8 45 100 100 34
8 40 95 97 31
8 38 90 95 27
8 33 85 91 25
8 28 83 86 21
8 26 78 83 19
8 21 75 79 17
8 16 71 75 15
8 14 66 73 11
8 12 63 70 6
8 7 59 68 100
8 100 56 66 96
8 96 52 61 94
8 93 48 57 89
8 90 43 55 85
8 88 41 50 82
8 85 37 45 80
8 82 33 41 75
8 77 31 38 70
8 72 28 33 67
8 70 24 30 64
8 65 20 28 60
8 63 17 26 58
8 61 15 24 53
8 58 13 20 48
8 54 11 18 46
8 49 6 14 42
8 45 100 12 39
8 43 96 8 34
8 41 94 6 31
8 37 89 100 28
8 34 86 96 23
8 30 84 94 21
8 28 79 90 16
8 26 75 86 11
8 22 70 84 8
8 18 65 79 100
8 16 63 76 97
8 14 59 73 93
8 11 56 70 90
8 6 51 65 86
8 100 46 60 84
8 97 44 58 82
8 93 42 53 80
8 89 38 50 77
8 86 35 45 74
8 81 33 43 70
8 77 31 38 68
8 72 27 33 63
8 70 25 28 60
8 65 22 25 58
8 61 17 23 56
8 59 14 19 51
8 57 12 15 48
8 54 9 13 45
8 51 100 11 42
8 47 97 7 37
8 45 95 100 33
8 43 92 97 28
8 39 89 93 26
8 37 87 90 23
8 32 85 85 21
8 27 80 81 17
8 25 78 78 13
8 22 75 76 11
8 17 72 74 7
8 13 69 72 100
8 8 65 67 97
8 6 62 62 95
8 100 60 59 93
8 98 57 57 89
8 96 52 54 85
8 92 50 52 82
8 88 45 50 80
8 85 42 46 75
8 82 37 43 73
8 77 35 41 69
8 74 31 39 67
8 71 28 36 63
8 68 26 33 61
8 66 23 29 56
8 63 21 24 53
8 58 17 19 51
8 54 12 16 47
8 51 9 13 43
8 49 6 8 40
8 46 100 6 36
8 44 97 100 34
8 41 92 96 32
8 39 90 94 27
8 35 88 91 24
8 30 85 86 20
8 25 80 82 15
8 23 76 78 11
8 18 73 74 8
8 15 68 71 100
8 12 64 67 95
8 7 60 62 90
8 100 58 60 85
8 98 55 56 82
8 93 51 54 80
8 89 47 50 76
8 87 45 46 73
8 83 40 44 68
8 79 35 39 65
8 75 31 34 63
8 72 29 29 61
8 67 27 27 57
8 65 24 23 54
8 62 20 19 52
8 57 16 17 50
8 54 12 12 45
8 49 9 9 42
8 45 7 7 38
8 43 100 100 35
8 41 98 95 30
8 37 94 91 28
8 32 92 87 23
8 30 88 84 18
8 28 83 82 13
8 25 80 78 11
8 20 78 74 8
8 18 76 69 100
8 13 71 67 95
8 8 69 64 93
8 6 64 59 91
8 100 61 56 89
8 96 56 54 85
8 94 54 49 82
8 89 49 45 79
8 86 46 42 74
8 81 42 38 71
8 79 38 34 66
8 77 35 29 62
8 73 33 26 58
8 68 31 24 56
8 65 27 19 53
8 60 24 16 51
8 58 19 12 47
8 54 16 9 45
8 51 11 100 40
8 48 7 98 37
8 44 100 96 34
8 42 97 92 32
8 39 94 88 27
8 37 89 86 22
8 33 85 81 19
8 30 80 76 17
8 25 77 73 14
8 22 75 69 11
8 20 70 66 7
8 15 66 61 100
8 10 64 57 95
8 5 61 52 90
8 100 57 47 85
8 96 55 42 83
8 91 52 40 78
8 86 47 37 74
8 83 44 34 72
8 80 41 30 68
8 76 37 25 64
8 71 34 23 60
8 68 30 21 56
8 66 26 19 52
8 62 23 14 49
8 59 19 12 46
8 56 17 7 42
8 52 12 5 37
8 49 10 100 33
8 45 8 98 28
8 40 6 95 23
8 38 100 92 21
8 34 97 87 16
8 32 92 84 14
8 27 90 81 10
8 22 88 78 6
8 18 84 75 100
8 16 82 73 95
8 13 80 69 90
8 9 77 66 87
8 6 74 63 84
8 100 69 58 82
8 98 65 53 80
8 96 62 48 77
8 92 57 45 72
8 90 53 41 68
8 86 48 37 65
8 83 46 33 60
8 78 41 31 58
8 75 39 28 56
8 73 34 25 52
8 69 30 20 50
8 66 25 17 45
8 61 22 15 41
8 58 20 12 38
8 55 17 9 33
8 51 15 6 31
8 46 12 100 27
8 44 7 96 22
8 41 100 94 17
8 38 95 90 12
8 35 92 88 9
8 33 88 84 6
8 29 86 81 100
8 27 82 76 95
8 22 80 72 92
8 18 75 70 88
8 14 71 68 86
8 12 67 64 83
8 8 62 60 80
8 100 57 56 77
8 97 55 52 73
8 92 50 50 69
8 90 47 46 66
8 86 43 44 61
8 82 40 42 57
8 78 38 37 53
8 76 35 32 48
8 74 31 30 43
8 70 28 28 39
8 66 26 25 34
8 63 22 22 31
8 59 17 20 26
8 54 13 16 22
8 51 11 13 19
8 48 7 9 14
8 45 100 5 12
8 43 97 100 9
8 40 93 96 5
8 36 90 92 100
8 31 88 88 95
8 26 83 84 90
8 21 80 82 88
8 17 75 80 86
8 15 72 76 84
8 11 69 74 79
8 7 67 71 76
8 5 63 67 71
8 100 58 62 68
8 95 56 58 64
8 91 53 56 59
8 89 48 51 57
8 84 45 48 52
8 79 41 44 49
8 75 37 40 45
8 72 33 37 40
8 68 31 32 36
8 64 27 30 33
8 62 24 28 28
8 60 21 25 23
8 55 17 23 18
8 53 15 18 15
8 50 11 15 13
8 46 7 12 11
8 44 100 7 8
8 42 98 100 100
8 38 96 98 98
9 35 93 95 95
9 33 91 92 90
9 30 87 89 87
9 25 83 85 84
9 21 79 80 82
9 19 75 78 77
9 16 73 74 73
9 14 69 72 68
9 12 67 70 64
9 10 65 67 62
9 8 60 62 58
9 100 56 58 54
9 95 52 53 52
9 90 50 51 50
9 87 46 46 46
9 85 42 41 43
9 80 39 38 40
9 76 37 34 36
9 71 34 29 31
9 69 30 26 28
9 64 28 24 23
9 60 24 22 20
9 55 20 17 16
9 52 18 15 12
9 48 14 13 10
9 43 12 11 8
9 41 9 7 6
9 36 7 100 100
9 33 5 98 96
9 30 100 94 93
9 28 98 90 89
9 23 93 85 87
9 21 88 81 82
9 17 84 78 78
9 14 82 73 76
9 9 80 68 71
9 7 76 66 69
9 5 74 61 66
9 100 69 56 61
9 95 65 52 56
9 93 63 50 51
9 88 61 48 46
9 84 58 43 42
9 79 54 38 38
9 75 51 36 36
9 72 49 32 31
9 69 44 30 28
9 67 40 25 26
9 65 36 21 24
9 61 32 16 22
9 58 28 14 19
9 53 23 12 14
9 49 21 8 10
9 47 16 100 5
9 44 12 98 100
9 39 8 94 95
9 34 6 89 91
9 30 100 84 89
9 26 95 81 87
9 23 91 78 83
9 18 89 74 78
9 15 85 71 73
9 11 83 67 69
9 9 81 65 67
9 6 78 63 64
9 100 73 58 59
9 97 71 54 55
9 93 66 50 51
9 89 63 48 49
9 84 59 43 45
9 80 56 41 42
9 75 54 36 37
9 70 49 31 34
9 67 44 29 29
9 62 40 26 24
9 59 38 21 22
9 56 33 17 17
9 52 29 13 12
9 48 27 8 8
9 46 23 100 5
9 44 20 96 100
9 39 15 91 97
9 36 10 87 92
9 31 5 84 88
9 29 100 79 84
9 24 95 74 79
9 20 91 69 77
9 16 89 64 74
9 13 86 61 70
9 10 81 57 66
9 8 76 55 61
9 5 74 53 57
9 100 72 50 55
9 97 67 46 53
9 94 63 43 48
9 92 60 40 46
9 90 58 35 42
9 88 53 33 37
9 86 50 31 32
9 81 47 26 27
9 79 45 23 22
9 76 42 18 19
9 72 40 13 16
9 67 38 9 14
9 65 35 5 12
9 60 31 100 10
9 56 26 97 6
9 51 23 94 100
9 46 19 91 95
9 42 14 87 93
9 39 10 83 88
9 34 7 81 83
9 32 100 77 79
9 29 98 74 77
9 26 94 71 75
9 22 91 68 70
9 18 88 65 68
9 16 84 60 65
9 11 79 58 63
9 8 77 53 60
9 100 73 49 56
9 96 71 46 51
9 92 67 42 47
9 90 63 39 43
9 88 60 37 38
9 84 55 34 33
9 81 51 29 31
9 79 48 27 27
9 76 45 24 23
9 72 42 21 18
9 68 39 19 14
9 64 34 14 10
9 62 29 11 8
9 59 24 9 100
9 55 20 7 97
9 52 15 100 94
9 47 10 95 90
9 43 5 93 88
9 41 100 88 85
9 37 98 83 83
9 33 93 80 79
9 31 88 76 76
9 28 83 73 71
9 26 79 70 68
9 21 76 65 64
9 18 71 62 61
9 16 66 60 58
9 14 62 56 53
9 12 59 52 50
9 10 56 47 48
9 6 52 44 46
9 100 48 42 44
9 95 46 38 39
9 93 41 33 35
9 89 37 28 30
9 86 32 25 27
9 82 28 21 22
9 77 26 16 20
9 72 24 13 15
9 67 22 8 11
9 63 17 5 7
9 61 13 100 100
9 57 10 97 95
9 54 6 95 92
9 51 100 91 90
9 48 95 86 87
9 43 92 83 82
9 38 87 81 77
9 35 82 79 74
9 32 80 76 70
9 30 75 73 65
9 26 73 71 62
9 22 71 69 60
9 17 68 66 57
9 13 64 64 55
9 11 62 61 53
9 9 60 59 51
9 6 56 55 48
9 100 53 50 45
9 98 48 47 41
9 95 46 45 38
9 91 44 40 36
9 87 39 38 34
9 84 36 34 32
9 79 33 30 29
9 75 30 27 26
9 72 25 23 22
9 67 21 20 18
9 62 18 17 14
9 59 14 15 9
9 55 12 10 6
9 53 8 7 100
9 48 6 100 98
9 45 100 98 96
9 41 97 93 94
9 36 93 90 89
9 31 89 86 86
9 28 85 83 83
9 24 83 78 79
9 21 78 75 77
9 16 73 70 75
9 11 70 66 72
9 8 68 63 68
9 100 64 59 64
9 98 61 55 60
9 96 59 53 57
9 91 55 48 53
9 86 53 43 51
9 81 51 39 48
9 77 46 37 45
9 73 41 33 41
9 68 39 29 37
9 63 37 25 32
9 59 34 23 29
9 55 32 21 24
9 52 28 19 19
9 48 26 15 17
9 45 23 10 13
9 43 20 8 8
9 38 18 100 6
9 33 14 96 100
9 31 10 93 97
9 29 7 88 92
9 27 5 83 89
9 22 100 78 87
9 17 98 75 84
9 14 96 73 82
9 12 92 70 80
9 10 90 68 75
9 5 85 63 72
9 100 82 58 70
9 97 79 54 67
9 92 75 52 65
9 90 71 48 61
9 87 68 44 56
9 83 64 40 54
9 81 59 36 52
9 77 55 32 47
9 75 53 29 44
9 70 51 26 39
9 65 49 21 35
9 61 46 19 31
9 58 42 17 26
9 53 38 15 21
9 50 36 11 17
9 45 32 8 12
9 41 30 6 8
9 36 28 100 6
9 34 24 98 100
9 29 22 95 96
9 25 17 92 91
9 23 12 88 87
9 19 9 86 83
9 15 6 82 78
9 11 100 78 76
9 7 96 75 74
9 5 91 71 69
9 100 86 68 67
9 96 83 63 62
9 94 81 58 59
9 90 77 56 55
9 85 74 53 51
9 82 69 50 46
9 79 64 47 43
9 77 60 43 40
9 72 56 38 38
9 67 54 34 36
9 62 50 29 32
9 60 47 27 27
9 55 45 25 22
9 53 42 22 19
9 48 40 19 14
9 46 35 16 11
9 42 31 14 7
9 38 29 9 100
9 35 27 5 95
9 33 25 100 92
9 28 21 97 89
9 24 16 93 84
9 22 14 89 80
9 17 9 84 78
9 12 7 80 73
9 10 5 76 69
9 7 100 74 64
9 100 96 71 62
9 95 92 69 60
9 92 87 64 55
9 87 85 59 52
9 84 81 57 48
9 82 79 52 44
9 78 74 47 42
9 74 69 42 38
9 70 64 37 33
9 67 62 32 28
9 62 58 30 25
9 57 55 25 22
9 54 50 22 20
9 52 48 18 17
9 47 45 16 12
9 42 43 13 7
9 40 40 9 100
9 37 35 7 98
9 32 30 100 96
9 28 27 98 94
9 26 25 94 91
9 21 20 89 88
9 18 18 84 83
9 13 15 79 80
9 8 12 74 76
9 6 9 71 73
9 100 6 66 70
9 97 100 62 67
9 94 95 57 65
9 90 91 55 60
9 87 88 51 58
9 84 86 48 55
9 79 83 44 50
9 75 79 40 46
9 71 76 36 44
9 66 73 33 39
9 64 70 30 36
9 61 65 27 31
9 59 60 25 29
9 54 57 20 26
9 51 55 16 21
9 48 52 12 17
9 45 47 7 13
9 41 45 100 9
9 37 40 97 5
9 34 36 92 100
9 29 32 87 97
9 26 29 84 94
9 24 24 79 92
9 22 19 77 89
9 19 17 75 86
9 15 12 71 84
9 10 9 68 79
9 5 5 64 75
9 100 100 62 73
9 96 95 59 69
9 94 91 55 66
9 92 86 50 62
9 90 83 48 57
9 88 79 43 55
9 84 75 40 50
9 79 71 36 45
9 75 69 34 43
9 73 67 30 41
9 70 64 25 36
9 66 61 22 31
9 61 59 17 29
9 59 55 15 26
9 57 51 13 22
9 53 46 9 19
9 51 43 6 14
9 47 39 100 12
9 44 36 96 9
9 39 31 94 5
9 34 29 89 100
9 30 26 87 97
9 28 21 83 95
9 26 19 80 93
9 24 16 75 88
9 20 13 71 83
9 15 10 67 79
10 12 8 65 74
10 9 6 60 72
10 5 100 56 67
10 100 95 53 65
10 96 93 50 62
10 91 89 45 57
10 88 87 43 55
10 83 82 41 52
10 78 80 37 50
10 75 75 32 47
10 71 71 27 44
10 66 67 24 41
10 62 63 21 37
10 60 60 16 32
10 57 57 14 28
10 52 54 11 24
10 50 51 6 21
10 47 49 100 16
10 45 46 96 14
10 41 41 93 9
10 38 38 88 5
10 35 33 86 100
10 33 29 81 95
10 28 25 78 91
10 24 23 73 88
10 19 18 68 86
10 14 15 65 84
10 9 11 63 81
10 6 9 59 78
10 100 5 55 74
10 98 100 53 69
10 96 98 49 66
10 93 95 47 64
10 90 93 43 61
10 88 91 40 58
10 84 86 37 54
10 79 82 33 51
10 76 77 31 49
10 73 74 27 45
10 70 71 25 41
10 66 69 22 37
10 64 64 18 34
10 60 61 15 30
10 57 58 12 25
10 52 53 8 20
10 49 48 5 17
10 47 44 100 13
10 42 40 97 9
10 38 36 92 5
10 33 33 90 100
10 30 29 86 96
10 28 25 81 92
10 26 23 78 89
10 24 19 73 85
10 19 14 69 81
10 16 12 67 77
10 13 9 65 74
10 10 5 62 72
10 7 100 59 67
10 100 96 55 62
10 95 92 50 59
10 90 90 45 56
10 88 87 43 51
10 83 85 39 48
10 81 80 37 46
10 77 78 32 41
10 72 76 30 37
10 69 73 27 34
10 65 70 24 32
10 61 67 20 28
10 57 64 18 26
10 52 60 15 22
10 50 58 12 19
10 47 56 9 16
10 43 54 7 11
10 40 51 100 6
10 38 49 97 100
10 34 47 93 97
10 32 44 89 92
10 27 39 84 89
10 23 34 81 87
10 21 31 76 82
10 18 28 72 80
10 15 24 69 78
10 11 19 64 75
10 7 14 61 73
10 100 10 57 68
10 98 8 52 66
10 93 100 50 64
10 90 95 47 62
10 88 91 42 58
10 86 88 40 55
10 83 84 37 50
10 81 82 35 45
10 78 80 31 43
10 74 78 28 41
10 69 76 26 37
10 66 72 22 33
10 64 68 18 29
10 60 65 15 24
10 55 60 11 19
10 51 56 6 17
10 47 53 100 14
10 44 49 98 11
10 42 47 93 8
10 37 45 89 6
10 34 43 86 100
10 30 39 83 98
10 27 36 81 96
10 22 34 76 93
10 20 31 72 91
10 17 27 68 89
10 15 24 63 85
10 11 20 59 83
10 6 18 56 79
10 100 16 51 76
10 98 14 46 72
10 95 10 42 69
10 91 8 39 64
10 87 6 37 61
10 84 100 34 59
10 80 96 31 55
10 77 93 27 52
10 75 89 24 48
10 73 86 22 45
10 71 82 17 41
10 69 80 14 39
10 65 77 9 37
10 61 74 7 33
10 56 70 5 31
10 54 67 100 29
10 51 62 96 26
10 46 60 92 24
10 43 58 89 20
10 39 55 85 16
10 37 51 80 12
10 33 47 75 7
10 28 42 70 100
10 25 38 68 97
10 23 34 65 94
10 19 31 61 92
10 17 26 57 89
10 15 23 55 86
10 13 19 52 82
10 11 14 49 80
10 6 12 44 78
10 100 9 39 73
10 96 100 37 69
10 93 96 33 65
10 88 91 29 63
10 83 88 26 58
10 80 84 22 54
10 78 82 17 51
10 75 79 14 47
10 72 75 10 42
10 69 73 8 40
10 64 70 100 38
10 59 65 95 36
10 54 60 92 31
10 50 55 89 28
10 46 50 85 23
10 43 47 80 18
10 40 42 75 13
10 36 40 72 11
10 34 38 69 6
10 29 33 66 100
10 27 29 62 95
10 22 27 59 91
10 19 22 56 87
10 17 17 52 84
10 15 13 48 80
10 10 10 45 75
10 7 5 41 73
10 5 100 38 69
10 100 96 35 65
10 97 91 31 60
10 92 88 26 55
10 87 83 24 53
10 82 79 22 50
10 79 75 17 45
10 77 70 15 42
10 75 68 10 38
10 73 66 5 35
10 69 62 100 31
10 64 57 97 28
10 59 53 92 25
10 56 50 88 21
10 54 46 83 16
10 50 43 79 14
10 46 41 75 12
10 42 37 70 7
10 40 34 67 100
10 35 30 63 95
10 31 26 61 91
10 27 21 58 87
10 25 16 53 83
10 23 13 48 79
10 20 9 45 77
10 15 5 41 74
10 10 100 37 72
10 5 98 35 67
10 100 94 30 64
10 96 92 25 59
10 94 87 20 54
10 89 82 18 52
10 86 79 14 47
10 84 77 12 42
10 82 72 10 37
10 80 68 5 32
10 75 63 100 27
10 72 59 97 25
10 68 54 93 23
10 63 52 89 19
10 61 50 86 17
10 56 48 82 13
10 53 45 78 10
10 51 40 74 5
10 48 37 71 100
10 43 35 68 96
10 41 33 64 93
10 36 30 62 90
10 31 27 58 88
10 26 24 56 86
10 23 21 52 83
10 19 17 47 80
10 17 12 44 78
10 13 7 41 76
10 11 100 37 72
10 8 98 34 67
10 5 95 30 65
10 100 91 27 60
10 96 86 25 56
10 91 84 22 54
10 89 79 20 49
10 86 75 18 45
10 81 71 14 43
10 79 66 9 39
10 75 61 100 34
10 72 59 97 32
10 68 57 93 27
10 63 55 91 22
10 61 53 86 17
10 56 50 84 12
10 54 45 80 8
10 52 40 75 100
10 48 37 70 96
10 45 32 65 92
10 40 30 60 88
10 38 26 57 84
10 34 22 55 80
10 32 18 52 75
10 30 14 48 72
10 25 12 45 70
10 21 9 40 68
10 19 6 35 63
10 15 100 33 59
10 12 95 28 57
10 10 92 25 55
10 7 88 21 50
10 100 86 19 48
10 98 84 16 46
10 96 81 11 43
10 91 79 6 41
10 87 76 100 37
10 82 71 97 35
10 79 66 94 32
10 75 61 91 28
10 70 57 87 25
10 67 52 84 22
10 62 49 81 18
10 57 47 79 14
10 53 44 74 11
10 49 40 69 8
10 46 37 65 100
10 43 33 60 98
10 41 30 55 95
10 39 28 53 91
10 36 24 51 87
10 34 20 47 83
10 32 16 42 79
10 30 13 40 75
10 26 10 38 72
10 22 7 34 68
10 19 100 31 64
10 15 96 29 59
10 13 94 27 57
10 10 91 24 55
10 8 87 21 52
10 6 84 17 49
10 100 80 15 47
10 95 75 10 45
10 92 70 8 41
10 89 65 6 38
10 84 61 100 34
10 79 56 97 30
10 76 54 93 25
10 73 51 91 21
10 68 48 87 18
10 66 44 82 14
10 63 40 80 9
10 61 38 76 100
10 57 36 71 96
10 53 31 69 91
10 50 29 67 88
10 47 24 62 86
10 42 22 59 84
10 40 18 56 80
10 35 15 54 76
10 30 12 51 73
10 27 7 47 68
10 23 5 42 65
10 21 100 37 60
10 16 96 33 57
10 13 94 29 54
10 9 92 26 52
10 5 88 21 47
10 100 84 16 43
10 98 79 12 41
10 96 77 8 38
10 92 75 100 34
10 88 71 97 30
10 83 68 95 27
10 81 64 90 25
10 79 59 85 22
10 75 54 81 17
10 72 49 79 13
10 69 47 75 9
10 66 45 71 7
10 63 40 67 100
10 59 35 65 95
10 56 30 63 93
10 52 25 60 90
10 50 23 56 85
10 48 20 51 81
10 46 18 49 76
10 41 13 44 72
10 38 10 42 70
10 35 5 40 68
10 33 100 37 63
10 29 96 34 60
10 27 91 30 58
10 23 87 26 55
10 21 84 21 51
10 16 79 19 49
10 13 77 16 46
10 10 73 11 42
10 5 70 8 40
10 100 67 100 37
10 98 65 98 33
10 95 63 93 30
10 90 58 91 27
10 85 55 87 23
10 81 52 82 18
10 78 48 78 16
10 75 45 74 11
10 70 42 69 8
10 66 40 67 100
10 64 38 62 96
10 59 34 59 93
10 54 32 55 91
10 51 30 50 86
10 48 28 45 83
10 44 25 42 80
10 42 23 39 77
10 39 20 35 72
